('D = ', [0.33582080890831995, -0.16923872702949644, -0.0922834718784691, 0.01071534689212492, 0.0])
('K = ', [721.822583913316, 0.0, 344.28891243664486, 0.0, 751.3753686231241, 150.78051300815744, 0.0, 0.0, 1.0])
('R = ', [1.0, 0.0, 0.0, 0.0, 1.0, 0.0, 0.0, 0.0, 1.0])
('P = ', [785.62744140625, 0.0, 346.340782243351, 0.0, 0.0, 765.8745727539062, 126.92086039440983, 0.0, 0.0, 0.0, 1.0, 0.0])
# oST version 5.0 parameters


[image]

width
640

height
480

[narrow_stereo]

camera matrix
721.822584 0.000000 344.288912
0.000000 751.375369 150.780513
0.000000 0.000000 1.000000

distortion
0.335821 -0.169239 -0.092283 0.010715 0.000000

rectification
1.000000 0.000000 0.000000
0.000000 1.000000 0.000000
0.000000 0.000000 1.000000

projection
785.627441 0.000000 346.340782 0.000000
0.000000 765.874573 126.920860 0.000000
0.000000 0.000000 1.000000 0.000000

