# oST version 5.0 parameters


[image]

width
640

height
480

[narrow_stereo]

camera model
Pinhole


camera matrix
721.822584 0.000000 344.288912
0.000000 751.375369 150.780513
0.000000 0.000000 1.000000

distortion
0.335821 -0.169239 -0.092283 0.010715 0.000000

rectification
1.000000 0.000000 0.000000
0.000000 1.000000 0.000000
0.000000 0.000000 1.000000

projection
785.627441 0.000000 346.340782 0.000000
0.000000 765.874573 126.920860 0.000000
0.000000 0.000000 1.000000 0.000000

